parrot = [34.89214956046467, 63.23924255371094, 0.9538206205128854]
butterfly = [35.223798413000196, 58.58976745605469, 0.9675165344958724]


